21
21
0 0 0 0 0 0 0 0 0 0 0 0 0 0 0 0 0 0 0 0 0 
0 0 0 0 0 0 0 0 0 1 0 2 0 0 0 0 0 0 0 0 0 
0 0 0 0 0 0 0 0 1 0 0 0 2 0 0 0 0 0 0 0 0 
0 0 0 0 0 0 0 1 0 0 0 0 0 2 0 0 0 0 0 0 0 
0 0 0 0 0 0 1 0 0 0 31 0 0 0 2 0 0 0 0 0 0 
0 0 0 0 0 1 0 0 0 0 0 0 0 0 0 2 0 0 0 0 0 
0 0 0 0 1 0 0 0 0 0 0 0 0 0 0 0 2 0 0 0 0 
0 0 0 1 0 0 0 0 7 0 0 0 7 0 0 0 0 2 0 0 0 
0 0 1 0 0 0 0 7 0 0 0 0 0 7 0 0 0 0 2 0 0 
0 1 0 0 0 0 0 0 0 0 0 0 0 0 0 0 0 0 0 2 0 
0 0 0 0 31 0 0 0 0 0 19 0 0 0 0 24 31 0 0 0 0 
0 6 0 0 0 0 0 0 0 0 0 0 0 0 0 0 0 0 0 4 0 
0 0 6 0 0 0 0 7 0 0 0 0 0 7 0 0 0 0 4 0 0 
0 0 0 6 0 0 0 0 7 0 0 0 7 0 0 0 0 4 0 0 0 
0 0 0 0 6 0 0 0 0 0 0 0 0 0 0 0 4 0 0 0 0 
0 0 0 0 0 6 0 0 0 0 0 0 0 0 0 4 0 0 0 0 0 
0 0 0 0 0 0 6 0 0 0 31 0 0 0 4 0 0 0 0 0 0 
0 0 0 0 0 0 0 6 0 0 0 0 0 4 0 0 0 0 0 0 0 
0 0 0 0 0 0 0 0 6 0 0 0 4 0 0 0 0 0 0 0 0 
0 0 0 0 0 0 0 0 0 6 0 4 0 0 0 0 0 0 0 0 0 
0 0 0 0 0 0 0 0 0 0 0 0 0 0 0 0 0 0 0 0 0 
