25
25
8 8 8 8 8 8 8 8 8 8 8 8 8 8 8 8 8 8 8 8 8 8 8 8 8 
8 0 0 0 0 0 0 0 0 0 0 0 0 0 0 0 0 0 0 0 0 0 0 0 8 
8 0 0 0 0 0 0 0 0 0 0 0 0 0 0 0 0 0 0 0 0 0 0 0 8 
8 0 0 0 0 0 0 0 0 0 0 0 0 0 0 5 0 0 0 2 0 0 0 0 8 
8 0 0 0 0 0 0 0 0 9 0 0 0 0 0 5 0 0 0 2 2 0 0 0 8 
8 0 0 0 0 0 0 0 9 0 0 0 0 0 0 5 0 0 0 0 2 2 0 0 8 
8 0 0 0 0 0 0 9 0 0 0 0 0 0 0 5 0 0 0 0 0 2 2 0 8 
8 0 0 0 0 0 9 0 0 0 0 0 0 0 0 5 0 0 0 0 0 0 0 0 8 
8 0 9 9 9 9 0 0 0 0 0 0 0 0 0 0 0 0 0 0 0 0 0 0 8 
8 0 0 0 0 0 0 0 0 0 0 0 0 0 0 0 0 0 0 0 0 0 0 0 8 
8 0 0 0 0 0 0 0 0 0 0 0 0 0 0 0 0 0 0 0 0 0 0 0 8 
8 0 0 0 0 0 0 0 0 0 0 0 0 0 0 37 0 0 0 0 0 0 0 0 8 
8 0 0 19 0 0 0 0 0 0 0 0 0 0 0 0 0 0 0 0 0 0 0 0 8 
8 0 0 0 0 0 0 0 0 0 0 0 0 0 0 0 0 0 0 0 0 0 0 0 8 
8 0 0 0 0 0 0 0 0 0 0 0 5 0 0 0 0 0 2 0 0 0 0 0 8 
8 0 0 0 0 0 0 0 0 0 0 0 5 0 0 0 0 0 2 2 0 0 0 0 8 
8 0 9 9 9 9 0 0 0 0 0 0 5 0 0 0 0 0 0 2 2 0 0 0 8 
8 0 0 0 0 0 9 0 0 0 0 0 5 0 0 0 0 0 0 0 2 2 0 0 8 
8 0 0 0 0 0 0 9 0 0 0 0 5 0 0 0 0 0 0 0 0 0 0 0 8 
8 0 0 0 0 0 0 0 9 0 0 0 5 0 0 0 0 0 0 0 0 0 0 0 8 
8 0 0 0 0 0 0 0 0 9 0 0 0 0 0 0 0 0 0 0 0 0 0 0 8 
8 0 0 0 0 0 0 0 0 0 0 0 0 0 0 0 0 0 0 0 0 0 0 0 8 
8 0 0 0 0 0 0 0 0 0 0 0 0 0 0 0 0 0 0 0 0 0 0 0 8 
8 0 0 0 0 0 0 0 0 0 0 0 0 0 0 0 0 0 0 0 0 0 0 0 8 
8 8 8 8 8 8 8 8 8 8 8 8 8 8 8 8 8 8 8 8 8 8 8 8 8 
