19
19
1 1 1 1 1 1 1 1 1 1 1 1 1 1 1 1 1 1 1 
1 0 0 0 0 0 0 0 0 0 0 0 0 0 0 0 0 0 1 
1 0 0 0 0 0 0 0 0 0 0 0 0 0 0 0 0 0 1 
1 0 0 0 0 0 2 0 33 33 33 0 2 0 0 0 0 0 1 
1 0 0 0 0 0 2 0 0 0 0 0 2 0 0 0 0 0 1 
1 0 0 0 0 0 2 0 0 0 0 0 2 0 0 0 0 0 1 
1 0 0 2 2 2 2 0 0 0 0 0 2 2 2 2 0 0 1 
1 0 0 0 0 0 0 0 0 0 0 0 0 0 0 0 0 0 1 
1 0 0 35 0 0 0 0 32 0 0 0 0 0 0 0 0 0 1 
1 0 0 0 0 0 0 0 0 31 0 0 0 0 0 19 0 0 1 
1 0 0 35 0 0 0 0 32 0 0 0 0 0 0 0 0 0 1 
1 0 0 0 0 0 0 0 0 0 0 23 0 0 0 0 0 0 1 
1 0 0 2 2 2 2 0 0 0 0 0 2 2 2 2 0 0 1 
1 0 0 0 0 0 2 0 0 0 0 0 2 0 0 0 0 0 1 
1 0 0 0 0 0 2 0 0 0 0 0 2 0 0 0 0 0 1 
1 0 0 0 0 0 2 0 34 34 34 0 2 0 0 0 1 0 1 
1 0 0 0 0 0 0 0 0 0 0 0 0 0 0 0 0 0 1 
1 0 0 0 0 0 0 0 0 0 0 0 0 0 0 0 0 0 1 
1 1 1 1 1 1 1 1 1 1 1 1 1 1 1 1 1 1 1 
