20
20
0 0 0 0 0 0 0 0 0 0 0 0 0 0 0 0 0 0 0 0 
0 0 0 0 0 0 2 2 2 2 2 2 2 2 2 0 0 0 0 0 
0 0 0 0 0 2 0 0 0 0 0 0 0 0 0 2 0 0 0 0 
0 0 0 0 2 0 0 0 0 0 19 0 0 0 0 0 2 0 0 0 
0 0 0 0 0 0 0 0 0 0 0 0 0 0 0 0 0 0 0 0 
0 0 0 0 0 0 0 0 0 0 0 0 0 0 0 0 0 0 0 0 
0 0 0 0 0 0 0 0 0 0 0 0 0 0 0 0 0 0 0 0 
0 0 0 0 0 0 0 0 0 0 0 0 0 0 0 0 0 0 0 0 
0 0 0 0 0 0 0 0 0 31 0 0 0 0 0 0 0 0 0 0 
5 5 0 0 0 0 0 0 0 22 0 0 0 0 0 0 0 0 5 5 
2 5 0 0 0 0 0 35 0 0 0 35 0 0 0 0 0 0 5 2 
2 5 0 0 0 0 0 0 0 0 0 0 0 0 0 0 0 0 5 2 
2 5 0 0 0 0 0 0 0 0 0 0 0 0 0 0 0 0 5 2 
2 5 0 0 0 0 0 0 0 0 0 0 0 0 0 0 0 0 5 2 
2 5 0 0 0 0 33 0 0 0 0 0 0 33 0 0 0 0 5 2 
2 5 0 0 0 0 0 0 0 0 0 0 0 0 0 0 0 0 5 2 
2 5 0 0 0 0 0 0 0 0 0 0 0 0 0 0 0 0 5 2 
2 5 0 0 0 0 0 0 0 0 0 0 0 0 0 0 0 0 5 2 
2 5 5 5 5 5 5 5 5 5 5 5 5 5 5 5 5 5 5 2 
2 2 2 2 2 2 2 2 2 2 2 2 2 2 2 2 2 2 2 2 
