20
20
0 9 9 9 9 9 9 9 9 9 9 9 9 9 9 9 9 9 9 0 
9 9 0 0 0 0 0 0 0 0 0 0 4 0 0 0 0 0 9 9 
9 0 0 0 0 0 0 0 0 0 0 0 4 0 0 0 0 0 0 9 
9 0 0 0 0 0 0 0 0 0 0 0 4 0 0 0 0 0 0 9 
9 0 0 0 0 0 0 0 0 0 0 0 4 0 0 0 0 0 0 9 
9 0 0 0 0 0 0 0 0 0 0 0 4 0 0 0 0 0 0 9 
9 0 0 0 0 0 0 0 0 0 0 0 0 0 0 0 0 0 0 9 
9 4 4 4 4 0 0 0 0 0 0 0 0 0 0 0 0 0 0 9 
9 0 0 0 0 0 0 0 0 0 0 0 0 0 0 0 0 0 0 9 
9 0 0 0 0 0 40 0 0 0 0 0 0 0 19 0 0 0 0 9 
9 0 0 0 0 0 0 0 0 0 0 0 0 0 0 0 0 0 0 9 
9 0 0 0 0 0 0 0 0 0 0 0 0 0 0 0 0 0 0 9 
9 0 0 0 0 0 0 0 0 0 0 0 0 0 0 4 4 4 4 9 
9 0 0 0 0 0 0 0 0 0 0 0 0 0 0 0 0 0 0 9 
9 0 0 0 0 0 0 0 4 0 0 0 0 0 0 0 0 0 0 9 
9 0 0 0 0 0 0 0 4 0 0 0 0 0 0 0 0 0 0 9 
9 0 0 0 0 0 0 0 4 0 0 0 0 0 0 0 0 0 0 9 
9 0 0 0 0 0 0 0 4 0 0 0 0 0 0 0 0 0 0 9 
9 9 0 0 0 0 0 0 4 0 0 0 0 0 0 0 0 0 9 9 
0 9 9 9 9 9 9 9 9 9 9 9 9 9 9 9 9 9 9 0 
