21
21
2 2 2 2 2 2 2 2 2 2 2 2 2 2 2 2 2 2 2 2 2 
2 1 1 1 1 0 0 0 0 0 0 0 0 0 0 0 1 1 1 1 2 
2 1 0 0 0 0 0 0 0 0 0 0 0 0 0 0 0 0 0 1 2 
2 1 0 0 0 0 0 0 0 0 0 0 0 0 0 0 0 0 0 1 2 
2 1 0 0 5 0 5 0 0 0 0 0 0 0 5 0 5 0 0 1 2 
2 0 0 0 0 5 0 0 0 32 32 32 0 0 0 5 0 0 0 0 2 
2 0 0 0 5 0 5 0 0 0 0 0 0 0 5 0 5 0 0 0 2 
2 0 0 0 0 0 0 0 0 0 0 0 0 0 0 0 0 0 0 0 2 
2 0 0 0 0 0 0 0 0 0 0 0 0 0 0 31 0 0 0 0 2 
2 0 0 0 0 0 0 0 0 0 0 0 0 0 0 0 0 0 0 0 2 
2 19 0 0 0 0 32 0 0 0 0 0 0 0 0 32 0 0 0 22 2
2 0 0 0 0 0 0 0 0 0 0 0 0 0 0 0 0 0 0 0 2 
2 0 0 0 0 0 0 0 0 0 0 0 0 0 0 31 0 0 0 0 2 
2 0 0 0 0 0 0 0 0 0 0 0 0 0 0 0 0 0 0 0 2 
2 0 0 0 5 0 5 0 0 0 0 0 0 0 5 0 5 0 0 0 2 
2 0 0 0 0 5 0 0 0 32 32 32 0 0 0 5 0 0 0 0 2
2 1 0 0 5 0 5 0 0 0 0 0 0 0 5 0 5 0 0 1 2
2 1 0 0 0 0 0 0 0 0 0 0 0 0 0 0 0 0 0 1 2 
2 1 0 0 0 0 0 0 0 0 0 0 0 0 0 0 0 0 0 1 2 
2 1 1 1 1 0 0 0 0 0 0 0 0 0 0 0 1 1 1 1 2 
2 2 2 2 2 2 2 2 2 2 2 2 2 2 2 2 2 2 2 2 2 
