21
21
0 0 0 0 0 0 0 0 0 0 0 0 0 0 0 0 0 0 0 0 0 
0 0 0 0 0 0 0 0 0 1 0 2 0 0 0 0 0 0 0 0 0 
0 0 0 0 0 0 0 0 1 0 0 0 2 0 0 0 0 0 0 0 0 
0 0 0 0 0 0 0 1 0 0 0 0 0 2 0 0 0 0 0 0 0 
0 0 0 0 0 0 1 0 0 0 32 0 0 0 2 0 0 0 0 0 0 
0 0 0 0 0 1 0 0 0 0 0 0 0 0 0 2 0 0 0 0 0 
0 0 0 0 1 0 0 0 0 0 0 0 0 0 0 0 2 0 0 0 0 
0 0 0 1 0 0 0 0 7 0 0 0 7 0 0 0 0 2 0 0 0 
0 0 1 0 0 0 0 7 0 0 0 0 0 7 0 0 0 0 2 0 0 
0 1 0 0 0 0 0 0 0 0 0 0 0 0 0 0 0 0 0 2 0 
0 0 0 0 33 0 0 0 0 0 19 0 0 0 0 23 31 0 0 0 0 
0 6 0 0 0 0 0 0 0 0 0 0 0 0 0 0 0 0 0 4 0 
0 0 6 0 0 0 0 7 0 0 0 0 0 7 0 0 0 0 4 0 0 
0 0 0 6 0 0 0 0 7 0 0 0 7 0 0 0 0 4 0 0 0 
0 0 0 0 6 0 0 0 0 0 0 0 0 0 0 0 4 0 0 0 0 
0 0 0 0 0 6 0 0 0 0 0 0 0 0 0 4 0 0 0 0 0 
0 0 0 0 0 0 6 0 0 0 34 0 0 0 4 0 0 0 0 0 0 
0 0 0 0 0 0 0 6 0 0 0 0 0 4 0 0 0 0 0 0 0 
0 0 0 0 0 0 0 0 6 0 0 0 4 0 0 0 0 0 0 0 0 
0 0 0 0 0 0 0 0 0 6 0 4 0 0 0 0 0 0 0 0 0 
0 0 0 0 0 0 0 0 0 0 0 0 0 0 0 0 0 0 0 0 0 
