21
21
0 0 0 0 0 0 0 0 0 0 0 0 0 0 0 0 0 0 0 0 0 
0 0 0 0 0 7 7 0 0 0 0 0 0 0 7 0 0 0 0 0 0 
0 0 0 0 7 7 0 0 0 0 0 0 0 0 0 7 0 0 0 0 0 
0 0 0 0 7 0 0 0 0 0 0 0 0 0 0 0 7 0 0 0 0 
0 0 7 7 0 0 0 0 0 31 0 0 0 0 0 0 0 7 7 0 0 
0 7 0 0 0 0 0 0 0 0 0 0 0 0 0 0 0 0 7 7 0 
0 7 0 0 0 0 0 0 0 0 0 33 0 0 0 0 0 0 0 0 0 
0 0 0 33 0 0 0 0 0 0 0 0 0 7 7 0 0 0 0 0 0 
0 0 0 0 0 0 0 0 0 0 0 0 0 0 7 7 0 0 0 0 0 
0 0 0 0 0 0 0 0 0 0 0 0 0 0 0 7 7 0 0 0 0 
0 0 0 0 0 0 0 0 33 0 0 0 0 0 0 0 7 7 0 0 0 
0 0 0 7 7 0 0 0 0 0 0 0 0 0 0 0 0 0 0 0 0 
0 0 0 7 0 0 0 0 0 0 0 24 0 0 0 0 0 0 0 0 0 
0 0 7 7 0 0 0 0 0 0 0 0 0 0 0 0 0 0 0 0 0 
0 7 7 0 0 0 0 34 0 0 0 0 0 0 0 0 0 0 0 0 0 
0 0 0 0 0 0 0 0 0 34 0 0 0 0 0 0 7 7 0 0 0 
0 0 0 0 0 0 0 0 0 0 0 31 0 0 0 0 7 0 0 0 0 
0 0 0 0 0 0 0 0 0 0 0 0 0 0 0 0 7 0 0 0 0 
0 0 0 0 0 0 0 0 0 0 0 0 0 0 0 0 7 0 0 0 0 
0 0 19 0 0 0 0 0 0 0 0 0 0 0 0 0 7 0 0 0 0 
0 0 0 0 0 0 0 0 0 0 0 0 0 0 0 0 0 0 0 0 0 
