25
25
7 7 7 7 7 7 7 7 7 7 7 7 7 7 7 7 7 7 7 7 7 7 7 7 7 
7 0 0 0 0 0 0 0 0 0 0 4 4 4 4 4 4 4 4 4 4 4 4 4 7 
7 0 0 0 0 0 0 0 0 0 0 0 0 0 0 0 0 0 0 0 0 0 0 0 7 
7 0 0 0 0 0 0 0 0 0 0 0 0 0 0 0 0 0 0 19 0 0 0 0 7 
7 0 0 0 0 0 0 0 0 0 0 0 0 0 0 0 0 0 0 0 0 0 0 0 7 
7 0 0 0 0 0 0 0 0 0 0 0 0 0 0 0 0 0 0 0 0 0 0 0 7 
7 0 0 1 1 1 1 0 0 0 0 0 0 0 0 31 0 0 0 0 0 0 0 0 7 
7 0 1 0 0 0 7 1 0 0 0 0 0 0 0 0 0 0 0 0 0 0 0 0 7 
7 1 0 0 0 7 7 7 1 2 9 9 0 0 0 0 0 0 0 0 0 0 0 0 7 
7 1 0 0 0 0 0 0 0 0 0 0 0 0 0 0 0 0 0 0 0 0 0 0 7 
7 1 0 33 0 0 0 0 0 0 0 0 0 0 34 0 0 0 0 0 0 0 0 0 7 
7 1 0 0 0 0 0 0 0 0 0 0 0 0 0 0 0 0 0 0 0 0 0 0 7 
7 1 0 22 0 0 0 0 0 0 0 0 0 0 0 0 0 0 0 0 0 0 0 0 7 
7 1 0 0 0 0 34 0 0 0 0 0 0 0 0 0 0 0 0 0 0 0 4 0 7 
7 1 0 0 0 0 0 0 0 0 0 0 0 0 0 33 0 0 0 0 0 0 4 0 7 
7 1 0 0 0 0 0 0 0 0 0 0 0 0 0 0 0 0 0 0 0 0 4 0 7 
7 1 5 5 5 0 0 0 1 2 9 9 0 0 0 0 0 0 0 0 0 0 4 0 7 
7 0 1 5 0 0 0 1 0 0 0 0 0 0 0 0 0 0 0 0 0 0 4 0 7 
7 0 0 1 1 1 1 0 0 0 0 0 0 0 0 0 0 0 0 0 0 0 4 0 7 
7 0 0 0 0 0 0 0 0 0 0 0 0 0 0 0 0 0 0 0 0 0 4 0 7 
7 0 0 0 0 0 0 0 0 0 0 0 0 0 0 0 0 0 0 0 0 0 4 0 7 
7 0 0 0 0 0 0 0 0 0 7 0 5 5 4 4 4 4 4 4 4 4 4 0 7 
7 0 0 0 0 0 0 0 0 0 0 0 0 0 0 0 0 0 0 0 0 0 0 0 7 
7 0 0 0 0 0 0 0 0 0 0 0 0 0 0 0 0 0 0 0 0 0 0 0 7 
7 7 7 7 7 7 7 7 7 7 7 7 7 7 7 7 7 7 7 7 7 7 7 7 7 
