21
21
0 0 0 0 0 0 0 0 0 0 0 0 0 0 0 0 0 0 0 0 0 
0 8 8 8 8 8 8 8 8 8 8 8 8 8 8 8 8 8 8 8 0 
0 8 31 0 0 0 0 0 0 0 0 0 0 0 0 0 0 0 0 8 0 
0 8 0 0 0 0 0 0 0 0 0 0 0 0 0 0 0 0 0 8 0 
0 8 0 0 0 0 0 0 0 31 0 0 0 0 0 0 0 0 0 8 0 
0 8 0 0 0 8 8 8 8 8 8 8 8 8 8 8 0 0 0 8 0 
0 8 0 0 0 8 0 0 0 0 0 0 0 0 0 8 0 0 0 8 0 
0 8 0 0 0 8 0 0 0 0 0 0 0 0 0 8 0 0 0 8 0 
0 8 0 0 0 8 0 0 0 0 0 0 0 0 0 8 0 0 0 8 0 
0 8 0 0 0 8 0 0 0 8 8 8 8 0 0 8 0 0 0 8 0 
0 8 0 0 0 8 0 0 31 8 0 0 0 0 0 8 0 0 0 8 0 
0 8 0 0 0 8 0 0 0 8 0 0 0 0 0 8 0 0 0 8 0 
0 8 0 0 0 8 0 0 0 8 0 25 0 0 0 8 0 0 0 8 0 
0 8 0 0 0 8 0 0 0 8 0 0 0 0 0 8 0 0 0 8 0 
0 8 0 0 0 8 0 0 0 8 0 0 0 0 0 8 0 0 0 8 0 
0 8 0 0 0 8 0 0 0 8 8 8 8 8 8 8 0 0 0 8 0 
0 8 0 0 0 8 0 0 0 0 0 31 0 0 0 0 0 0 0 8 0 
0 8 0 0 0 8 0 0 0 0 0 0 0 0 0 0 0 0 0 8 0 
0 8 0 0 0 8 0 0 0 0 0 0 0 0 0 0 0 0 31 8 0 
0 0 19 0 0 8 8 8 8 8 8 8 8 8 8 8 8 8 8 8 0 
0 0 0 0 0 0 0 0 0 0 0 0 0 0 0 0 0 0 0 0 0 
