20
30
0 9 0 0 0 0 0 0 0 0 0 0 7 7 0 0 0 0 0 0 0 0 0 0 0 0 0 0 0 0 
0 9 0 0 0 0 0 0 0 0 0 0 7 7 0 0 0 0 0 0 0 0 0 0 0 0 0 0 0 0 
0 9 0 0 0 0 0 31 31 31 0 0 0 0 5 5 0 0 0 0 0 0 0 0 0 0 0 0 0 0 
0 9 0 0 0 0 0 0 0 0 0 0 0 0 0 5 5 0 0 0 31 31 0 0 0 0 0 0 0 0 
0 9 0 0 0 0 0 0 0 0 0 0 0 0 0 0 5 5 0 31 0 0 0 0 0 0 0 0 0 0 
0 9 9 9 9 0 0 0 4 0 0 0 0 0 0 0 0 0 0 0 0 0 0 0 0 0 0 0 0 0 
0 0 0 9 9 0 0 0 4 0 0 0 0 0 3 3 0 0 0 0 0 0 2 2 2 0 0 0 0 0 
0 0 0 0 0 0 0 0 4 0 0 0 0 3 3 0 0 0 0 0 0 2 0 0 0 2 0 0 0 0 
0 0 0 0 32 0 0 0 4 0 0 0 3 3 0 0 0 0 0 0 2 0 0 2 0 0 2 0 0 0 
19 0 0 0 32 0 0 0 4 0 0 3 3 0 0 0 0 0 0 2 0 0 2 0 2 0 0 2 0 0 
0 0 0 0 32 0 0 0 4 0 0 3 3 0 0 0 0 0 2 0 0 2 0 31 0 2 0 2 0 0 
0 0 0 0 32 0 0 0 4 0 0 0 3 3 0 0 0 0 2 0 2 0 0 0 2 0 0 2 0 0 
0 0 0 0 0 0 0 0 4 0 0 0 0 3 3 0 0 0 0 0 2 0 0 2 0 0 2 0 0 0 
0 0 0 9 9 0 0 0 4 0 0 0 0 0 3 3 0 0 0 0 0 2 0 0 0 2 0 0 0 0 
0 9 9 9 9 0 0 0 4 0 0 0 0 0 0 0 0 0 0 0 0 0 2 2 2 0 0 0 0 0 
0 9 0 0 0 0 0 0 0 0 0 0 0 0 0 0 5 5 0 31 0 0 0 0 0 0 0 0 0 0 
0 9 0 0 0 0 0 31 31 31 0 0 0 0 0 5 5 0 0 0 31 31 0 0 0 0 0 0 0 0 
0 9 0 0 0 0 0 0 0 0 0 0 0 0 5 5 0 0 0 0 0 0 0 0 0 0 0 0 0 0 
0 9 0 0 0 0 0 0 0 0 0 0 7 7 0 0 0 0 0 0 0 0 0 0 0 0 0 0 0 0 
0 9 0 0 0 0 0 0 0 0 0 0 7 7 0 0 0 0 0 0 0 0 0 0 0 0 0 0 0 0 
