25
25
0 0 0 0 0 0 0 0 0 0 0 0 0 0 0 0 0 0 0 0 0 0 0 0 0 
0 0 0 0 7 7 7 7 7 7 7 7 0 0 0 0 0 0 0 6 5 2 3 1 0 
0 0 0 0 0 0 0 0 0 0 0 0 0 0 0 0 0 0 0 6 5 2 3 1 0 
0 0 0 0 0 0 0 0 0 0 0 0 0 0 0 0 0 0 0 6 5 2 3 1 0 
0 0 19 0 0 0 0 0 0 0 0 0 0 0 0 0 0 0 0 6 5 2 3 1 0 
0 0 0 0 0 0 0 0 0 0 0 0 0 0 0 0 0 0 0 2 4 6 9 8 0 
0 0 0 0 0 0 0 0 0 0 0 0 0 0 0 0 0 0 0 2 4 6 9 8 0 
0 0 0 0 0 0 0 0 0 0 0 0 0 0 0 0 0 0 0 2 4 6 9 8 0 
0 0 0 0 0 6 0 0 0 0 0 0 0 0 0 0 0 0 0 2 4 6 9 8 0 
0 0 0 0 0 6 0 0 0 0 0 0 0 0 0 0 0 0 0 3 5 9 6 7 0 
0 0 0 0 0 6 0 0 0 0 0 0 0 0 0 0 0 0 0 3 5 9 6 7 0 
0 0 0 0 0 6 0 0 0 0 0 0 0 0 0 0 0 0 0 3 5 9 6 7 0 
0 0 0 0 0 6 0 0 0 0 0 0 0 0 0 24 0 0 0 3 5 9 6 7 0 
0 0 0 0 0 6 0 0 0 0 0 0 0 0 0 0 0 0 0 9 8 4 5 1 0 
0 0 0 0 0 0 0 0 0 0 0 0 31 0 0 0 0 0 0 9 8 4 5 1 0 
0 0 0 0 0 0 0 0 0 0 0 31 31 31 0 0 0 0 0 9 8 4 5 1 0 
0 0 0 0 0 0 0 0 0 0 0 0 31 0 0 0 0 0 0 9 8 4 5 1 0 
0 0 0 0 0 0 0 0 0 0 0 0 0 0 0 0 0 0 0 1 5 6 3 9 0 
0 0 0 0 0 0 0 0 0 0 0 0 0 0 0 0 0 0 0 1 5 6 3 9 0 
0 0 0 0 0 0 0 0 0 0 0 0 0 0 0 0 0 0 0 1 5 6 3 9 0 
0 0 0 0 0 0 0 0 0 0 0 0 0 0 0 0 0 0 0 1 5 6 3 9 0 
0 0 0 0 0 0 0 0 0 0 0 0 0 0 0 0 0 0 0 6 8 5 2 1 0 
0 0 0 0 7 7 7 7 7 7 7 7 0 0 0 0 0 0 0 6 8 5 2 1 0 
0 0 0 0 0 0 0 0 0 0 0 0 0 0 0 0 0 0 0 6 8 5 2 1 0 
0 0 0 0 0 0 0 0 0 0 0 0 0 0 0 0 0 0 0 0 0 0 0 0 0 
