25
25
0 0 0 0 0 0 0 0 0 0 0 0 0 0 0 0 0 0 0 0 0 0 0 0 0 
0 0 0 0 0 0 0 0 0 0 0 0 0 0 0 0 0 0 0 0 0 0 0 0 0 
0 0 0 0 19 0 0 0 0 0 0 0 0 0 0 0 0 0 0 0 0 0 0 0 0 
0 0 0 0 0 0 0 0 0 0 0 0 0 0 0 0 0 0 0 0 0 0 0 0 0 
0 0 0 0 0 0 0 0 3 3 0 0 0 31 0 0 0 1 1 0 0 0 0 0 0 
0 0 0 0 0 0 0 3 0 3 0 0 0 0 0 0 1 0 0 1 0 0 0 0 0 
0 0 0 0 0 0 3 0 3 0 0 0 0 0 0 1 0 0 0 1 0 0 0 0 0 
0 0 0 0 0 3 0 3 0 0 0 0 0 0 0 0 0 0 0 0 1 0 0 0 0 
0 0 0 0 3 0 3 0 0 0 0 31 0 1 0 0 0 5 0 0 0 1 0 0 0 
0 0 0 3 0 3 0 0 0 0 0 0 1 0 0 0 5 0 0 0 0 0 1 0 0 
0 0 3 0 3 0 0 0 0 0 0 1 0 0 0 5 0 0 0 0 31 0 0 1 0 
8 8 8 8 8 8 8 8 8 8 8 1 0 0 5 0 0 0 0 0 0 0 0 1 0 
8 8 8 8 8 8 8 8 8 8 8 1 0 0 5 0 0 0 22 0 0 0 0 1 0 
8 8 8 8 8 8 8 8 8 8 8 1 0 0 5 0 0 0 0 0 0 0 0 1 0 
0 0 4 0 4 0 0 0 0 0 0 1 0 0 0 5 0 0 0 0 31 0 0 1 0 
0 0 0 4 0 4 0 0 0 0 0 0 1 0 0 0 5 0 0 0 0 0 1 0 0 
0 0 0 0 4 0 4 0 0 0 0 0 0 1 0 0 0 5 0 0 0 1 0 0 0 
0 0 0 0 0 4 0 4 0 0 0 0 31 0 0 0 0 0 0 0 1 0 0 0 0 
0 0 0 0 0 0 4 0 4 0 0 0 0 31 0 1 0 0 0 1 0 0 0 0 0 
0 0 0 0 0 0 0 4 0 4 0 0 0 0 0 0 1 0 0 1 0 0 0 0 0 
0 0 0 0 0 0 0 0 4 4 0 0 0 0 0 0 0 1 1 0 0 0 0 0 0 
0 0 0 0 0 0 0 0 0 0 0 0 0 0 0 0 0 0 0 0 0 0 0 0 0 
0 0 0 0 0 0 0 0 0 0 0 0 0 0 0 0 0 0 0 0 0 0 0 0 0 
0 0 0 0 0 0 0 0 0 0 0 0 0 0 0 0 0 0 0 0 0 0 0 0 0 
0 0 0 0 0 0 0 0 0 0 0 0 0 0 0 0 0 0 0 0 0 0 0 0 0 
