20
20
0 8 8 8 8 8 8 8 8 8 8 8 8 8 8 8 8 8 8 0 
8 8 0 0 0 0 0 0 0 0 0 0 0 0 0 0 0 0 8 8 
8 0 0 0 0 0 0 0 0 0 0 0 0 0 0 0 0 0 0 8 
8 0 0 0 0 0 0 0 0 0 0 0 0 0 0 0 0 0 0 8 
8 0 0 0 0 0 0 0 0 0 0 0 0 0 0 0 0 0 0 8 
8 0 0 0 0 0 0 0 0 0 0 0 0 0 0 0 0 0 0 8 
8 0 0 0 0 0 0 0 0 0 0 0 0 0 0 0 0 0 0 8 
8 0 0 0 0 0 0 0 0 0 0 0 0 0 0 0 0 0 0 8 
8 0 0 0 0 0 0 0 0 0 0 0 0 0 0 0 0 0 0 8 
8 0 0 0 0 0 31 0 0 0 0 0 0 0 19 0 0 0 0 8 
8 0 0 0 0 0 0 0 0 0 0 0 0 0 0 0 0 0 0 8 
8 0 0 0 0 0 0 0 0 0 0 0 0 0 0 0 0 0 0 8 
8 0 0 0 0 0 0 0 0 0 0 0 0 0 0 0 0 0 0 8 
8 0 0 0 0 0 0 0 0 0 0 0 0 0 0 0 0 0 0 8 
8 0 0 0 0 0 0 0 0 0 0 0 0 0 0 0 0 0 0 8 
8 0 0 0 0 0 0 0 0 0 0 0 0 0 0 0 0 0 0 8 
8 0 0 0 0 0 0 0 0 0 0 0 0 0 0 0 0 0 0 8 
8 0 0 0 0 0 0 0 0 0 0 0 0 0 0 0 0 0 0 8 
8 8 0 0 0 0 0 0 0 0 0 0 0 0 0 0 0 0 8 8 
0 8 8 8 8 8 8 8 8 8 8 8 8 8 8 8 8 8 8 0 
