19
19
0 0 0 0 0 0 0 0 0 0 0 0 0 0 0 0 0 0 0 
0 0 6 6 6 6 6 0 0 0 0 0 0 0 0 0 0 0 0 
0 6 0 0 0 0 0 6 0 0 0 0 1 0 0 0 0 0 0 
0 6 0 0 0 0 0 6 0 0 0 0 1 0 0 0 0 0 0 
0 6 0 0 0 0 0 6 0 0 0 0 1 0 0 0 0 0 0 
0 6 0 0 0 0 0 0 0 0 0 0 1 0 0 0 0 0 0 
0 6 0 0 0 0 0 0 0 0 0 0 1 0 0 0 0 0 0 
0 6 0 0 0 0 0 0 0 0 0 0 0 0 0 0 0 0 0 
0 6 0 0 0 0 0 0 0 0 0 0 0 0 0 0 0 0 0 
0 6 0 0 39 0 0 0 0 0 0 0 0 0 0 19 0 0 0 
0 6 0 0 0 0 0 0 0 0 0 0 0 0 0 0 0 0 0 
0 6 0 0 0 0 0 0 0 0 0 0 0 0 0 0 0 0 0 
0 6 0 0 0 0 0 0 0 0 0 0 1 0 0 0 0 0 0 
0 6 0 0 0 0 0 0 0 0 0 0 1 0 0 0 0 0 0 
0 6 0 0 0 0 0 6 0 0 0 0 1 0 0 0 0 0 0 
0 6 0 0 0 0 0 6 0 0 0 0 1 0 0 0 0 0 0 
0 6 0 0 0 0 0 6 0 0 0 0 1 0 0 0 0 0 0 
0 0 6 6 6 6 6 0 0 0 0 0 1 0 0 0 0 0 0 
0 0 0 0 0 0 0 0 0 0 0 0 0 0 0 0 0 0 0 
